254
428
557
601
1052
1611
2225
2317
2578
3068
3253
3275
3278
4407
4515
4838
5224
5381
5501
5545
6294
6450
6721
7158
7710
8619
9171
9878
9881
10781
10891
11235
11492
11825
12455
12607
13180
13469
13616
13925
14381
14413
15250
15419
15930
16036
16202
16372
16862
17025
17254
17382
17397
17750
18063
18468
18543
18778
19787
20124
20137
20759
21522
22471
22762
22943
22944
23250
23709
23773
24096
24378
24512
24782
24994
26277
26572
26860
27519
27645
27773
28322
28503
28531
28724
28739
29164
29278
29309
29555
29755
29815
30184
30561
31034
32011
32262
32357
32372
32427
